"key"
"D"
"B"
"A"
"D"
"B"
"C"
"C"
"C"
"D"
"A"
"A"
"D"
"A"
"A"
"C"
"A"
"C"
"C"
"C"
"D"
